RMSE: 2.6131648635682496
NDCG: 0.5555555555555556	0.7995510635334219	0.853225220763286